2
51
0
1
2
3
4
5
6
7
8
9
10
11
12
13
14
15
16
17
18
19
20
21
22
23
24
25
26
27
28
29
30
31
32
33
34
35
36
37
38
39
40
41
42
43
44
45
46
47
48
49
50
175
0 1 864
0 2 2357
0 3 1915
0 4 2700
0 5 502
0 6 805
0 7 527
0 8 2475
0 9 840
0 10 350
0 11 1330
0 12 1467
0 13 2143
0 14 757
0 15 326
0 16 2307
0 19 2199
0 20 534
0 21 897
0 22 846
0 23 2337
0 24 1716
0 31 473
0 38 584
0 39 670
0 40 2311
0 45 722
0 46 1101
0 47 735
0 49 2382
1 2 1687
1 3 1482
1 4 1938
1 5 1314
1 6 176
1 7 592
1 8 1596
1 9 1619
1 10 933
1 11 879
1 12 1059
1 13 1654
1 14 944
1 15 1081
1 16 1773
1 17 795
1 18 822
1 19 1712
1 20 350
1 21 879
1 23 1535
1 24 1295
1 32 419
1 33 519
1 35 2507
1 42 1500
2 4 2387
2 7 1864
2 8 1133
2 12 1027
2 13 627
2 16 433
2 17 2321
2 18 2382
2 23 654
3 12 476
3 13 202
3 17 1902
3 18 1942
4 8 1297
4 13 2835
4 35 702
4 43 843
4 48 618
5 7 1000
5 9 376
5 10 751
5 17 376
5 18 476
5 38 260
5 47 405
6 7 645
6 10 940
6 11 741
6 12 1225
6 13 1830
6 17 792
6 18 819
6 22 1127
7 8 2079
7 9 1367
7 10 375
7 11 1359
7 12 942
7 13 1618
7 14 391
7 15 842
7 17 483
7 18 527
7 20 457
7 23 1901
7 33 838
7 42 1600
8 13 1674
8 17 2390
8 26 457
8 29 459
8 37 229
8 42 587
9 10 1126
9 13 2979
9 15 547
9 17 894
9 18 839
9 22 599
10 11 1581
10 12 1209
10 13 1873
10 14 414
10 15 679
10 16 1959
10 17 399
10 18 456
10 41 228
11 13 2454
11 15 1303
11 17 1248
11 18 1329
11 21 563
11 25 453
11 28 636
12 13 675
12 14 836
12 16 875
12 17 1435
12 18 1467
12 19 762
12 23 1323
12 24 277
12 33 709
13 14 1481
13 16 252
13 17 2111
13 18 2143
13 19 103
13 23 1209
13 24 398
13 44 123
14 17 764
14 18 757
15 17 350
15 18 326
15 21 779
15 22 532
15 30 304
15 38 299
15 45 424
16 17 2287
16 18 2334
17 19 2242
17 20 1953
17 21 826
17 22 815
17 23 2285
17 24 1705
17 31 396
17 34 223
17 36 991
17 45 688
18 20 550
18 21 889
18 22 822
23 42 772
26 27 280
31 50 1879
